563 -56 1.4842547178268433 
557 -56 1.5206997394561768 
550 -56 1.5465730428695679 
543 -56 1.563299298286438 
535 -57 1.5729422569274902 
528 -57 1.5775771141052246 
520 -57 1.5304644107818604 
510 -57 1.546341061592102 
502 -57 1.5579839944839478 
495 -57 1.5216223001480103 
486 -55 1.5412044525146484 
479 -54 1.5069184303283691 
470 -53 1.5327773094177246 
459 -53 1.5029128789901733 
451 -53 1.531616449356079 
442 -53 1.5033758878707886 
433 -53 1.532847285270691 
425 -53 1.553396463394165 
417 -53 1.5178649425506592 
405 -53 1.5900872945785522 
395 -53 1.5414186716079712 
384 -51 1.5550469160079956 
373 -52 1.5156697034835815 
361 -51 1.5377088785171509 
349 -50 1.5537381172180176 
339 -49 1.5104920864105225 
326 -49 1.5889359712600708 
316 -49 1.5884798765182495 
303 -49 1.6396673917770386 
292 -49 1.6718428134918213 
279 -49 1.6843246221542358 
267 -49 1.6402719020843506 
255 -49 1.6076899766921997 
241 -49 1.5371557474136353 
229 -49 1.4915366172790527 
216 -49 1.5137859582901 
204 -49 1.5333565473556519 
192 -49 1.548750877380371 
182 -49 1.5597999095916748 
169 -49 1.6209114789962769 
159 -49 1.6609439849853516 
147 -51 1.6305122375488281 
134 -52 1.606340765953064 
122 -55 1.5888569355010986 
108 -57 1.6312063932418823 
97 -57 1.6601332426071167 
86 -60 1.7202551364898682 
75 -63 1.6618082523345947 
63 -65 1.618713617324829 
52 -65 1.589780569076538 
42 -69 1.6261781454086304 
30 -74 1.598820686340332 
18 -76 1.5807948112487793 
6 -77 1.618661642074585 
-4 -78 1.5969487428665161 
-15 -79 1.6885929107666016 
-26 -80 1.6974238157272339 
-39 -81 1.7063225507736206 
-50 -81 1.7026045322418213 
-63 -80 1.6438100337982178 
-78 -82 1.651739478111267 
-93 -83 1.6584833860397339 
-109 -84 1.6636552810668945 
-121 -84 1.6672816276550293 
-133 -84 1.7171801328659058 
-144 -86 1.7078361511230469 
-157 -87 1.6992665529251099 
-168 -87 1.6384252309799194 
-177 -87 1.6514512300491333 
-185 -88 1.6691009998321533 
-192 -87 1.6752036809921265 
-199 -87 1.6792263984680176 
-206 -87 1.6277180910110474 
-214 -89 1.6417009830474854 
-221 -90 1.652989387512207 
-226 -93 1.7192494869232178 
-235 -94 1.7106516361236572 
-241 -95 1.754703402519226 
-246 -97 1.7242804765701294 
-250 -100 1.7400420904159546 
-254 -102 1.7159322500228882 
-255 -107 1.644730567932129 
-259 -109 1.6515498161315918 
-263 -111 1.7119544744491577 
-267 -111 1.7013754844665527 
-269 -111 1.6391634941101074 
-274 -111 1.651437759399414 
-276 -111 1.6620221138000488 
-277 -112 1.6648733615875244 
-281 -115 1.6724860668182373 
-283 -117 1.6776728630065918 
-288 -118 1.6808741092681885 
-291 -118 1.6825990676879883 
-292 -118 1.6833199262619019 
-293 -118 1.6834224462509155 
-293 -118 1.6831930875778198 
-292 -117 1.682826280593872 
-292 -117 1.6824414730072021 
-291 -117 1.6821025609970093 
-291 -117 1.6818357706069946 
-291 -117 1.6816442012786865 
-290 -117 1.6815185546875 
-290 -117 1.6814448833465576 
-290 -117 1.6275122165679932 
-290 -117 1.645637035369873 
-290 -117 1.606126308441162 
-290 -117 1.5808171033859253 
-290 -117 1.6149524450302124 
-290 -117 1.591853141784668 
-290 -117 1.6309069395065308 
-290 -117 1.6042509078979492 
-290 -117 1.5857938528060913 
-290 -117 1.5741883516311646 
-290 -117 1.6216410398483276 
-290 -117 1.6006340980529785 
-290 -117 1.5855913162231445 
-290 -117 1.5757629871368408 
-290 -117 1.570014238357544 
-290 -117 1.5671788454055786 
-290 -117 1.5662428140640259 
-290 -117 1.5664148330688477 
-290 -117 1.567130446434021 
-290 -117 1.568022608757019 
-290 -117 1.5688775777816772 
-290 -117 1.5695909261703491 
-290 -117 1.6186714172363281 
-290 -117 1.6027113199234009 
-290 -117 1.6438829898834229 
-290 -117 1.6650148630142212 
-290 -117 1.6819690465927124 
-290 -117 1.6367244720458984 
-290 -117 1.657971739768982 
-290 -117 1.672224760055542 
-290 -117 1.6269525289535522 
-290 -117 1.6496102809906006 
-290 -117 1.6118552684783936 
-290 -117 1.640548586845398 
-290 -117 1.6611212491989136 
-290 -117 1.6745753288269043 
-290 -117 1.6285618543624878 
-290 -117 1.65060555934906 
-290 -117 1.666324257850647 
-290 -117 1.676546573638916 
-290 -117 1.6824886798858643 
-290 -117 1.6853867769241333 
-290 -117 1.686309814453125 
-290 -117 1.6860878467559814 
-290 -117 1.6853102445602417 
-290 -117 1.684359073638916 
-290 -117 1.683454990386963 
-290 -117 1.6288129091262817 
-290 -117 1.6410276889801025 
-290 -117 1.656862735748291 
-290 -113 1.6685038805007935 
-290 -109 1.7643975019454956 
-290 -105 1.8424664735794067 
-290 -100 1.8746956586837769 
-294 -94 1.8893511295318604 
-297 -88 1.9076766967773438 
-298 -82 1.9617033004760742 
-299 -76 1.9318145513534546 
-301 -71 1.9681124687194824 
-304 -65 1.9897178411483765 
-306 -62 1.9718022346496582 
-307 -59 1.9238076210021973 
-309 -56 1.9742224216461182 
-312 -52 1.968189001083374 
-314 -49 1.9340407848358154 
-315 -45 1.8958196640014648 
-315 -42 1.8861896991729736 
-315 -40 1.8674155473709106 
-317 -37 1.8112715482711792 
-318 -36 1.7763360738754272 
-320 -34 1.7151203155517578 
-321 -31 1.625246524810791 
-322 -30 1.5232597589492798 
-322 -31 1.4064521789550781 
-322 -32 1.2899644374847412 
-322 -29 1.2252693176269531 
-322 -27 1.1957240104675293 
-320 -25 1.2473629713058472 
-319 -21 1.281803011894226 
-316 -19 1.2597413063049316 
-314 -16 1.3071327209472656 
-313 -15 1.341054081916809 
-313 -12 1.3527636528015137 
-313 -11 1.4166259765625 
-313 -8 1.4571987390518188 
-311 -5 1.4220585823059082 
-310 -2 1.40435791015625 
-309 2 1.3804850578308105 
-307 6 1.422158122062683 
-308 10 1.392554521560669 
-307 14 1.3819520473480225 
-306 18 1.3147122859954834 
-305 24 1.285584568977356 
-303 29 1.31558096408844 
-304 37 1.2786692380905151 
-303 42 1.3160736560821533 
-302 48 1.333113431930542 
-300 53 1.4025368690490723 
-298 61 1.4426143169403076 
-298 65 1.475346565246582 
-297 73 1.488394021987915 
-301 77 1.589473009109497 
-304 84 1.6581565141677856 
-305 90 1.6911559104919434 
-306 95 1.7103809118270874 
-307 101 1.7161128520965576 
-307 106 1.7087962627410889 
-307 110 1.6995635032653809 
-307 114 1.642237663269043 
-306 119 1.651034951210022 
-306 124 1.6097822189331055 
-308 130 1.583033561706543 
-307 135 1.567575454711914 
-307 139 1.5115989446640015 
-306 145 1.579463005065918 
-306 148 1.5307395458221436 
-306 155 1.4941473007202148 
-306 159 1.4721418619155884 
-306 164 1.4607406854629517 
-306 169 1.4510427713394165 
-306 171 1.4570988416671753 
-306 178 1.4591193199157715 
-308 181 1.5103753805160522 
-309 188 1.5453636646270752 
-308 192 1.5227794647216797 
-307 198 1.5050849914550781 
-306 203 1.488049864768982 
-306 209 1.4768928289413452 
-306 214 1.4703474044799805 
-306 218 1.4671028852462769 
-306 224 1.4660152196884155 
-306 229 1.4608386754989624 
-306 232 1.5119670629501343 
-306 234 1.4504375457763672 
-306 237 1.4077880382537842 
-306 239 1.423332691192627 
-306 241 1.394290804862976 
-306 242 1.4240285158157349 
-306 240 1.3880443572998047 
-306 241 1.374821424484253 
-306 241 1.3678443431854248 
-306 241 1.3650635480880737 
-306 241 1.412400722503662 
-306 239 1.4397706985473633 
-306 239 1.4144618511199951 
-306 238 1.3852307796478271 
-306 238 1.4234856367111206 
-306 237 1.4445791244506836 
-306 237 1.5115255117416382 
-306 238 1.4581577777862549 
-306 237 1.4082109928131104 
-306 238 1.4326562881469727 
-306 239 1.4506841897964478 
-306 240 1.4628419876098633 
-306 238 1.4123035669326782 
-306 239 1.4357469081878662 
-306 240 1.5013985633850098 
-306 240 1.49641752243042 
-306 240 1.5388100147247314 
-306 240 1.565093994140625 
-306 240 1.5793641805648804 
-306 240 1.585449457168579 
-306 240 1.5380035638809204 
-306 240 1.504037618637085 
-134 -324 1.689128041267395 
-134 -324 1.6806813478469849 
-134 -324 1.6748861074447632 
-134 -324 1.6227482557296753 
-135 -324 1.6193366050720215 
-135 -324 1.6030032634735107 
-135 -324 1.5900131464004517 
-135 -324 1.5806007385253906 
-135 -324 1.574371099472046 
-135 -324 1.5706651210784912 
-259 -369 1.4849419593811035 
-259 -371 1.5221023559570312 
-259 -372 1.4942150115966797 
-259 -371 1.480391025543213 
-259 -370 1.5205320119857788 
-259 -369 1.5483298301696777 
-257 -314 1.4064522981643677 
-258 -313 1.4419372081756592 
-259 -313 1.4589473009109497 
-259 -314 1.4731813669204712 
-260 -315 1.4801819324493408 
-260 -314 1.4824753999710083 
-260 -313 1.4766793251037598 
-260 -313 1.4291130304336548 
-259 -312 1.4389705657958984 
-259 -314 1.4524115324020386 
-259 -313 1.4663735628128052 
-259 -313 1.4755038022994995 
-259 -313 1.47110915184021 
-259 -314 1.4726358652114868 
-259 -313 1.4678512811660767 
-259 -315 1.4696441888809204 
-259 -316 1.4707763195037842 
-259 -316 1.471407413482666 
-259 -316 1.4716910123825073 
-259 -315 1.466403841972351 
-259 -315 1.468146562576294 
-259 -314 1.4641152620315552 
-337 30 1.7670737504959106 
-337 30 1.7719919681549072 
-337 30 1.8198308944702148 
-333 29 1.7712455987930298 
-335 29 1.7218377590179443 
-334 30 1.7367448806762695 
-334 30 1.748894453048706 
-333 30 1.757887601852417 
-333 30 1.7639740705490112 
-334 30 1.7369554042816162 
-334 30 1.750191569328308 
-333 28 1.769920825958252 
-335 28 1.7248685359954834 
-334 29 1.741588830947876 
-336 30 1.6899980306625366 
-283 -117 1.7702257633209229 
-283 -117 1.819657802581787 
-286 -117 1.8000152111053467 
-284 -117 1.8437082767486572 
-283 -117 1.8731229305267334 
-283 -117 1.8909732103347778 
-282 -117 1.9003428220748901 
-282 -117 1.9040292501449585 
-282 -117 1.9042761325836182 
-282 -117 1.9027236700057983 
-282 -117 1.9004701375961304 
-282 -117 1.8981794118881226 
-282 -117 1.8961974382400513 
-282 -117 1.8946577310562134 
-282 -117 1.8935655355453491 
-283 -117 1.8928593397140503 
-283 -117 1.892452359199524 
-283 -117 1.939245581626892 
-281 -117 1.8731451034545898 
-279 -117 1.827174425125122 
-281 -117 1.848524570465088 
-280 -117 1.815510869026184 
-279 -117 1.794880986213684 
-280 -117 1.8337228298187256 
-280 -117 1.81185781955719 
-279 -117 1.7974462509155273 
-281 -117 1.8391114473342896 
-282 -117 1.8681517839431763 
-282 -117 1.8865272998809814 
-283 -117 1.8968040943145752 
-283 -117 1.901462197303772 
-283 -117 1.8524012565612793 
-283 -117 1.9154382944107056 
-283 -117 1.9112776517868042 
-283 -117 1.9064624309539795 
-285 -117 1.8517779111862183 
-284 -117 1.8650527000427246 
-285 -117 1.8255560398101807 
-284 -117 1.8503702878952026 
-283 -117 1.8691352605819702 
-285 -117 1.831890344619751 
-286 -117 1.8067125082015991 
-286 -117 1.7913426160812378 
-329 -94 2.8255631923675537 
-333 -94 2.824039936065674 
-332 -94 2.7756762504577637 
-333 -94 2.7723281383514404 
-335 -94 2.7431516647338867 
-335 -94 2.754319190979004 
-334 -94 2.7130489349365234 
-334 -94 2.6868631839752197 
-335 -94 2.6942811012268066 
-335 -94 2.7311906814575195 
-336 -94 2.7285690307617188 
-335 -94 2.7554402351379395 
-334 -94 2.773142099380493 
-333 -94 2.732530355453491 
-333 -94 2.754976987838745 
-333 -94 2.7704739570617676 
-333 -94 2.729093313217163 
-333 -94 2.7516517639160156 
723 528 2.980767250061035 
722 527 2.9585909843444824 
722 526 2.942115068435669 
531 533 -3.134988307952881 
531 531 3.097925901412964 
531 532 3.112663745880127 
531 531 3.0833640098571777 
531 532 3.113612413406372 
531 533 3.1331231594085693 
534 531 2.995946168899536 
534 530 3.011329174041748 
534 530 3.0236008167266846 
534 531 2.9934475421905518 
534 531 3.012512683868408 
534 532 3.075063705444336 
729 191 0.40252289175987244 
729 191 0.42127183079719543 
729 191 0.4199576675891876 
729 191 0.40869590640068054 
729 191 0.4147559106349945 
733 191 0.38139164447784424 
731 191 0.40131711959838867 
730 191 0.366974800825119 
729 191 0.38988009095191956 
729 191 0.40568673610687256 
729 191 0.4155852198600769 
729 191 0.421037495136261 
729 191 0.3764515519142151 
1044 -696 1.7506498098373413 
-555 552 -1.4623816013336182 
-555 552 -1.4755749702453613 
-555 552 -1.4785966873168945 
-553 552 -1.440042495727539 
-554 552 -1.452284574508667 
-554 552 -1.461259365081787 
-554 552 -1.4672743082046509 
-555 552 -1.475297451019287 
-555 552 -1.5242513418197632 
-553 552 -1.4684268236160278 
-552 552 -1.428632140159607 
-551 552 -1.394298791885376 
-551 552 -1.3822828531265259 
-552 552 -1.4649107456207275 
-554 552 -1.4783508777618408 
-554 552 -1.4419842958450317 
-555 552 -1.4551353454589844 
-555 552 -1.4685485363006592 
-555 552 -1.4336414337158203 
-555 552 -1.448684811592102 
-553 552 -1.4120104312896729 
-554 552 -1.3876726627349854 
-554 552 -1.4692695140838623 
-555 552 -1.4815446138381958 
-555 552 -1.4832243919372559 
-555 552 -1.4347373247146606 
-555 552 -1.4973117113113403 
-489 556 -1.7662922143936157 
-489 556 -1.7656550407409668 
-489 556 -1.7656915187835693 
-489 556 -1.7660683393478394 
-489 556 -1.7665657997131348 
-489 556 -1.7670539617538452 
-489 556 -1.7674672603607178 
-489 556 -1.7677830457687378 
-489 556 -1.7681947946548462 
-489 556 -1.7681951522827148 
-489 556 -1.7681947946548462 
-489 556 -1.768194317817688 
-489 556 -1.7681936025619507 
-489 556 -1.768193006515503 
-489 556 -1.7681926488876343 
-489 556 -1.7681922912597656 
-489 556 -1.7681971788406372 
-489 556 -1.7682225704193115 
-489 556 -1.768191933631897 
-489 556 -1.768191933631897 
-489 556 -1.768191933631897 
-617 411 -1.8924390077590942 
-618 412 -1.873852014541626 
-618 412 -1.8626638650894165 
-618 413 -1.8568693399429321 
-618 413 -1.8546686172485352 
-617 413 -1.8546257019042969 
-614 411 -1.8704454898834229 
-613 412 -1.910342812538147 
-613 412 -1.8474757671356201 
-611 413 -1.849705457687378 
-609 411 -1.8674176931381226 
-609 412 -1.8653275966644287 
-609 412 -1.863816261291504 
-609 413 -1.8628177642822266 
-609 413 -1.8622249364852905 
-609 413 -1.8619250059127808 
-609 413 -1.8618180751800537 
-609 413 -1.9051897525787354 
-609 413 -1.9340558052062988 
-609 413 -1.9513176679611206 
-609 413 -1.960160732269287 
-609 413 -1.963426113128662 
-609 413 -1.9633654356002808 
-501 303 0.06881611049175262 
-501 304 0.08106803148984909 
-500 304 0.09492272138595581 
-500 302 0.04996952787041664 
-500 303 0.06391360610723495 
-500 303 0.07489591836929321 
-500 302 0.0386151522397995 
-500 303 0.0144749591127038 
-804 8 -3.1203248500823975 
-804 7 -3.1371047496795654 
-804 9 -3.097813606262207 
-804 10 -3.069636106491089 
-804 10 -3.051224708557129 
-804 11 -3.044846534729004 
-804 11 -3.038062572479248 
-804 11 -3.035137176513672 
-804 11 -3.0346083641052246 
-804 11 -3.0353846549987793 
-804 9 -3.0852487087249756 
-804 10 -3.0703516006469727 
-804 10 -3.0586400032043457 
-804 9 -3.0988028049468994 
-804 9 -3.076961040496826 
-804 8 -3.1093149185180664 
-804 9 -3.0819578170776367 
-804 8 -3.110766649246216 
-812 146 1.6810640096664429 
-812 146 1.6763535737991333 
-812 146 1.6730939149856567 
-812 146 1.6710453033447266 
-812 146 1.675263524055481 
-812 146 1.6783138513565063 
-812 146 1.674976110458374 
-812 146 1.677970051765442 
-812 146 1.6746524572372437 
-812 146 1.6777031421661377 
-812 146 1.6744530200958252 
-812 146 1.6722146272659302 
-812 146 1.6708159446716309 
-812 146 1.6700482368469238 
-812 146 1.6750662326812744 
-810 146 1.7208014726638794 
-810 146 1.703439474105835 
-811 146 1.689811110496521 
-811 146 1.6800525188446045 
-811 146 1.6736763715744019 
-812 146 1.6752992868423462 
-810 146 1.7192556858062744 
-810 146 1.7012035846710205 
-811 146 1.6875426769256592 
-811 146 1.6834466457366943 
-812 146 1.6810613870620728 
-811 146 1.6761797666549683 
-812 146 1.6767354011535645 
-812 146 1.6776961088180542 
-812 146 1.6733754873275757 
-810 146 1.7183350324630737 
-810 146 1.7009316682815552 
-812 146 1.67489492893219 
-812 146 1.678743839263916 
-812 146 1.6757540702819824 
-812 146 1.673462986946106 
-810 146 1.7194569110870361 
-810 146 1.702419638633728 
-811 146 1.6891041994094849 
-809 146 1.7375895977020264 
-810 146 1.7118898630142212 
-811 146 1.6927765607833862 
-811 146 1.6797857284545898 
-812 146 1.6717936992645264 
-812 146 1.6728581190109253 
-812 146 1.6692841053009033 
-812 146 1.6676201820373535 
-812 146 1.6671741008758545 
-812 146 1.6674165725708008 
-812 146 1.6733288764953613 
-812 146 1.6721738576889038 
-812 146 1.6713366508483887 
-812 146 1.6761342287063599 
-812 146 1.6740050315856934 
-812 146 1.677757978439331 
-812 146 1.6748602390289307 
-812 146 1.6780964136123657 
-812 146 1.6748851537704468 
-812 146 1.6726047992706299 
-812 146 1.6711286306381226 
-812 146 1.6756285429000854 
-812 146 1.6787710189819336 
-812 146 1.6754150390625 
-812 146 1.6783367395401 
-812 146 1.6749297380447388 
-812 146 1.6725425720214844 
-812 146 1.6710205078125 
-812 146 1.675512433052063 
-812 146 1.678667426109314 
-812 146 1.6806848049163818 
-812 146 1.6764776706695557 
-812 146 1.678810477256775 
-812 146 1.680385708808899 
-812 146 1.6759945154190063 
-812 146 1.672950029373169 
-812 146 1.6763845682144165 
-576 544 -0.27487218379974365 
-577 544 -0.26708415150642395 
-578 544 -0.2629709541797638 
-576 544 -0.2736034095287323 
-575 544 -0.281615287065506 
-577 544 -0.27485957741737366 
-575 544 -0.28243696689605713 
-575 544 -0.2876158654689789 
-576 544 -0.2785463035106659 
-575 544 -0.28440961241722107 
-575 544 -0.2884265184402466 
-576 544 -0.27864447236061096 
-577 544 -0.27185162901878357 
-576 544 -0.2798420190811157 
-577 544 -0.27332746982574463 
-578 544 -0.26897260546684265 
-576 544 -0.27862560749053955 
-577 544 -0.27313828468322754 
-578 544 -0.26933735609054565 
-578 544 -0.26694589853286743 
-576 544 -0.3212667405605316 
-577 544 -0.30194857716560364 
-578 544 -0.28692853450775146 
-578 544 -0.2762678563594818 
-578 544 -0.2693691551685333 
-576 544 -0.2776622176170349 
-577 544 -0.27161523699760437 
-576 544 -0.2800208032131195 
-577 544 -0.2736949622631073 
-577 544 -0.2693842947483063 
-578 544 -0.2667245864868164 
-578 544 -0.26529261469841003 
-578 544 -0.26469552516937256 
-576 544 -0.2768878936767578 
-577 544 -0.2729526460170746 
-578 544 -0.26997435092926025 
-578 544 -0.2679135203361511 
-576 544 -0.27889484167099 
-575 544 -0.28632715344429016 
-574 544 -0.2908739447593689 
-574 544 -0.293289452791214 
-574 544 -0.33763620257377625 
-574 544 -0.3231455683708191 
-576 544 -0.2988937497138977 
-575 544 -0.29406100511550903 
-575 544 -0.29121071100234985 
-575 544 -0.28978461027145386 
-574 544 -0.2892927825450897 
-574 544 -0.2893504798412323 
-574 544 -0.2896817624568939 
-574 544 -0.2901059091091156 
-574 544 -0.3338854908943176 
-574 544 -0.31964170932769775 
-574 544 -0.30829918384552 
-574 544 -0.3000709116458893 
-574 544 -0.29461827874183655 
-576 544 -0.27909335494041443 
-576 544 -0.28156793117523193 
-575 544 -0.28425341844558716 
-577 544 -0.2743874192237854 
-576 544 -0.32380419969558716 
-575 544 -0.3138953447341919 
-577 544 -0.293317973613739 
-576 544 -0.3345640301704407 
-577 544 -0.30661338567733765 
-578 544 -0.2864978313446045 
-576 544 -0.2855713665485382 
-577 544 -0.2736623287200928 
-578 544 -0.26649612188339233 
-578 544 -0.26278677582740784 
-578 544 -0.30155932903289795 
-578 544 -0.3282262682914734 
-578 544 -0.3046421706676483 
-578 544 -0.28704363107681274 
-578 544 -0.27504241466522217 
-578 544 -0.2676309645175934 
-578 544 -0.26363348960876465 
-578 544 -0.2619585394859314 
-578 544 -0.2617143392562866 
-578 544 -0.2622389495372772 
-578 544 -0.2630828320980072 
-578 544 -0.26396963000297546 
-578 544 -0.2647514343261719 
-578 544 -0.26536741852760315 
-576 544 -0.2780861556529999 
-577 544 -0.27424904704093933 
-576 544 -0.2834121286869049 
-575 544 -0.2892643213272095 
-576 544 -0.28030383586883545 
-575 544 -0.28597143292427063 
-575 544 -0.2896641194820404 
-576 544 -0.27953866124153137 
-577 544 -0.272441565990448 
-576 544 -0.3235633969306946 
-577 544 -0.30227360129356384 
-576 544 -0.298481822013855 
-575 544 -0.29553213715553284 
-574 544 -0.29343634843826294 
-574 544 -0.29207831621170044 
-574 544 -0.29129287600517273 
-574 544 -0.29091352224349976 
-576 544 -0.2785220444202423 
-575 544 -0.2826836109161377 
-575 544 -0.2860748767852783 
-576 544 -0.27630943059921265 
-578 544 -0.26985964179039 
-576 544 -0.2783106565475464 
-577 544 -0.2722521722316742 
-578 544 -0.26828518509864807 
-578 544 -0.2659592628479004 
-577 544 -0.27708423137664795 
-577 544 -0.27257296442985535 
-578 544 -0.26935362815856934 
-578 544 -0.2672581076622009 
-578 544 -0.2660391926765442 
-578 544 -0.26544445753097534 
-578 544 -0.26525506377220154 
-578 544 -0.30549147725105286 
-578 544 -0.2921314239501953 
-578 544 -0.2815724313259125 
-578 544 -0.2739637494087219 
-578 544 -0.26895788311958313 
-578 544 -0.26600340008735657 
-576 544 -0.32016700506210327 
-575 544 -0.3566226065158844 
-576 544 -0.3230575621128082 
-575 544 -0.3533908724784851 
-576 544 -0.3171444237232208 
-575 544 -0.3035464286804199 
-577 544 -0.2825683355331421 
-577 544 -0.2694814205169678 
-578 544 -0.2623116374015808 
-578 544 -0.25919976830482483 
-578 544 -0.2586134672164917 
-578 544 -0.2594064176082611 
-577 544 -0.27306586503982544 
-577 544 -0.27043354511260986 
-578 544 -0.26848429441452026 
-578 544 -0.2671646475791931 
-576 544 -0.2786330282688141 
-577 544 -0.2740762531757355 
-576 544 -0.28289490938186646 
-575 544 -0.33201807737350464 
-574 544 -0.320777952671051 
-574 544 -0.31081417202949524 
-574 544 -0.30293282866477966 
-574 544 -0.29724812507629395 
-574 544 -0.3368742763996124 
-574 544 -0.363457590341568 
-574 544 -0.3361508846282959 
-576 544 -0.3034551441669464 
-577 544 -0.2813590466976166 
-576 544 -0.2801506519317627 
-577 544 -0.2688761055469513 
-578 544 -0.26272016763687134 
-578 544 -0.2600690722465515 
-577 544 -0.2718660533428192 
-575 544 -0.28072434663772583 
-577 544 -0.2745307981967926 
-575 544 -0.2824433743953705 
-577 544 -0.2755173444747925 
-577 544 -0.2706374228000641 
-576 544 -0.2797825038433075 
-577 544 -0.27386903762817383 
-578 544 -0.26974475383758545 
-578 544 -0.2671290934085846 
-578 544 -0.2656618356704712 
-578 544 -0.2649937868118286 
-578 544 -0.2648313641548157 
-578 544 -0.26495152711868286 
-578 544 -0.2651994526386261 
-578 544 -0.26547741889953613 
-578 544 -0.26573094725608826 
-578 544 -0.26593562960624695 
-578 544 -0.2660859525203705 
-578 544 -0.26618683338165283 
-578 544 -0.2662479281425476 
-578 544 -0.26627984642982483 
-578 544 -0.2662922441959381 
-578 544 -0.26629284024238586 
-578 544 -0.26628732681274414 
-578 544 -0.2662794291973114 
-576 544 -0.2785477340221405 
-577 544 -0.27441322803497314 
-577 544 -0.2711234986782074 
-576 544 -0.28101491928100586 
-577 544 -0.2753075659275055 
-577 544 -0.27108296751976013 
-578 544 -0.26822414994239807 
-576 544 -0.2787516117095947 
-575 544 -0.28597164154052734 
-574 544 -0.290460467338562 
-574 544 -0.2929055094718933 
-576 544 -0.2816762924194336 
-575 544 -0.32935667037963867 
-575 544 -0.3611573576927185 
-576 544 -0.3245689272880554 
-575 544 -0.3097187578678131 
-575 544 -0.342887818813324 
-575 544 -0.321887731552124 
-574 544 -0.30676233768463135 
-574 544 -0.2968175709247589 
-574 544 -0.29095208644866943 
-576 544 -0.27574342489242554 
-577 544 -0.2665850818157196 
-578 544 -0.30201712250709534 
-577 544 -0.3423679769039154 
-577 544 -0.3128524422645569 
-576 544 -0.3467263877391815 
-575 544 -0.3255294859409332 
-574 544 -0.30978065729141235 
-576 544 -0.2868044376373291 
-577 544 -0.2720833718776703 
-578 544 -0.2637028694152832 
-576 544 -0.2720424234867096 
-577 544 -0.2668275535106659 
-578 544 -0.2640703618526459 
-578 544 -0.2629684805870056 
-576 544 -0.2751474380493164 
-577 544 -0.2714560627937317 
-578 544 -0.26881715655326843 
-578 544 -0.2670961022377014 
-578 544 -0.2660924196243286 
-578 544 -0.26560044288635254 
-578 544 -0.30563250184059143 
-578 544 -0.2921471893787384 
-578 544 -0.28152164816856384 
-578 544 -0.273886114358902 
-578 544 -0.26887762546539307 
-578 544 -0.2659333050251007 
-578 544 -0.2644689977169037 
-578 544 -0.26397332549095154 
-576 544 -0.27632054686546326 
-577 544 -0.2725464105606079 
-577 544 -0.2697089612483978 
-578 544 -0.26775839924812317 
-576 544 -0.27881819009780884 
-575 544 -0.2863018214702606 
-576 544 -0.2786023020744324 
-575 544 -0.28516051173210144 
-575 544 -0.3327989876270294 
-576 544 -0.3084047734737396 
-577 544 -0.2898513078689575 
-578 544 -0.27695947885513306 
-578 544 -0.26881805062294006 
-578 544 -0.26427707076072693 
-579 544 -0.2622315585613251 
-577 544 -0.2740319073200226 
-575 544 -0.2825809419155121 
-574 544 -0.2882372736930847 
-576 544 -0.279324471950531 
-575 544 -0.2851560115814209 
-575 544 -0.2890497148036957 
-576 544 -0.2791156768798828 
-577 544 -0.27217724919319153 
-578 544 -0.2677696943283081 
-576 544 -0.2775677740573883 
-575 544 -0.32795679569244385 
-577 544 -0.30566343665122986 
-577 544 -0.28858277201652527 
-578 544 -0.2766282856464386 
-578 544 -0.26901477575302124 
-578 544 -0.26471617817878723 
-578 544 -0.26273205876350403 
-577 544 -0.2744923532009125 
-577 544 -0.270679771900177 
-576 544 -0.28036513924598694 
-577 544 -0.2746463716030121 
-577 544 -0.27051058411598206 
-578 544 -0.2677792012691498 
-576 544 -0.27843543887138367 
-577 544 -0.2734902799129486 
-578 544 -0.26991698145866394 
-578 544 -0.2675591707229614 
-578 544 -0.26616257429122925 
-578 544 -0.2654590606689453 
-578 544 -0.2652117908000946 
-578 544 -0.26523393392562866 
-578 544 -0.26539114117622375 
-578 544 -0.26559510827064514 
-576 544 -0.27807000279426575 
-577 544 -0.27410995960235596 
-577 544 -0.2709531784057617 
-578 544 -0.26866060495376587 
-578 544 -0.2671397030353546 
-576 544 -0.2785086929798126 
-577 544 -0.2739184498786926 
-578 544 -0.2704658508300781 
-576 544 -0.2803678810596466 
-577 544 -0.2747586667537689 
-576 544 -0.2829397916793823 
-577 544 -0.276079386472702 
-577 544 -0.2711527943611145 
-578 544 -0.26792392134666443 
-576 544 -0.2783045470714569 
-575 544 -0.285513311624527 
-576 544 -0.2777855694293976 
-577 544 -0.27216964960098267 
-576 544 -0.2807180881500244 
-577 544 -0.2743643522262573 
-576 544 -0.2822200655937195 
-575 544 -0.2875725328922272 
-576 544 -0.2785978317260742 
-577 544 -0.27222588658332825 
-578 544 -0.2681019604206085 
-578 544 -0.26572179794311523 
-577 544 -0.27685290575027466 
-575 544 -0.28465473651885986 
-575 544 -0.2896306812763214 
-576 544 -0.2801682949066162 
-577 544 -0.27332109212875366 
-578 544 -0.26879647374153137 
-578 544 -0.2661113440990448 
-578 544 -0.2647542655467987 
-578 544 -0.2642727196216583 
-578 544 -0.26430922746658325 
-577 544 -0.27688220143318176 
-575 544 -0.2854195237159729 
-576 544 -0.2783867120742798 
-575 544 -0.28531786799430847 
-576 544 -0.2774757444858551 
-577 544 -0.2718455195426941 
-578 544 -0.268156498670578 
-578 544 -0.26599159836769104 
-578 544 -0.2649184763431549 
-578 544 -0.2645590603351593 
-578 544 -0.2646172046661377 
-578 544 -0.2648811936378479 
-578 544 -0.2652129828929901 
-578 544 -0.265531986951828 
-578 544 -0.26579874753952026 
-578 544 -0.26600053906440735 
-576 544 -0.27841630578041077 
-577 541 -0.18885627388954163 
-576 538 -0.03580769896507263 
-609 559 -1.1134833097457886 
-609 559 -1.1137516498565674 
-609 559 -1.0917861461639404 
-609 559 -1.0976556539535522 
-609 559 -1.0808618068695068 
-609 559 -1.0909539461135864 
-609 559 -1.0984503030776978 
-609 559 -1.1035410165786743 
-609 559 -1.1066687107086182 
-609 559 -1.1083415746688843 
-609 559 -1.0716381072998047 
-609 559 -1.0842987298965454 
-609 559 -1.0940649509429932 
-609 559 -1.0635459423065186 
-609 559 -1.0431407690048218 
-609 559 -1.0308537483215332 
-609 559 -1.0244873762130737 
-609 559 -0.9988992810249329 
-609 559 -1.0066369771957397 
-609 559 -1.0140057802200317 
-609 559 -1.0201302766799927 
-609 559 -1.0247395038604736 
-609 559 -1.0279113054275513 
-609 559 -1.0298913717269897 
-609 559 -1.007802128791809 
-609 559 -0.9928867816925049 
-609 559 -0.9837921857833862 
-609 559 -1.0021591186523438 
-609 559 -1.0156246423721313 
-609 559 -1.0246437788009644 
-609 559 -1.030090093612671 
-609 559 -1.0703144073486328 
-609 559 -1.0962224006652832 
-609 559 -1.1110622882843018 
-609 559 -1.0807433128356934 
-609 559 -1.095361351966858 
-609 559 -1.1045440435409546 
-609 559 -1.1096253395080566 
-609 559 -1.0907185077667236 
-609 559 -1.098311185836792 
-611 559 -1.042905330657959 
-611 559 -1.066466212272644 
-610 559 -1.0843772888183594 
-610 559 -1.0968190431594849 
-609 559 -1.1046746969223022 
-609 559 -1.1090556383132935 
-609 559 -1.111028790473938 
-609 559 -1.1114850044250488 
-609 559 -1.089939832687378 
-609 559 -1.096290111541748 
-609 559 -1.101102590560913 
-611 559 -1.0438705682754517 
-611 559 -1.045175313949585 
-610 559 -1.0696693658828735 
-610 559 -1.0876003503799438 
-609 559 -1.099591612815857 
-609 559 -1.085657000541687 
-609 559 -1.096529483795166 
-609 559 -1.1036256551742554 
-609 559 -1.107769250869751 
-609 559 -1.1098055839538574 
-609 559 -1.0499135255813599 
-609 559 -1.0327321290969849 
-609 559 -1.0235966444015503 
-609 559 -1.0198874473571777 
-609 559 -1.019487977027893 
-609 559 -1.02084219455719 
-609 559 -1.022902011871338 
-609 559 -1.0250290632247925 
-609 559 -1.0268861055374146 
-609 559 -1.0283387899398804 
-609 559 -1.0293759107589722 
-609 559 -1.0300512313842773 
-609 559 -1.007269024848938 
-613 557 -0.8673179149627686 
